<?xml version="1.0" standalone="no"?>
<!DOCTYPE svg PUBLIC "-//W3C//DTD SVG 20010904//EN"
 "http://www.w3.org/TR/2001/REC-SVG-20010904/DTD/svg10.dtd">
<svg version="1.0" xmlns="http://www.w3.org/2000/svg"
 width="640.000000pt" height="640.000000pt" viewBox="0 0 640.000000 640.000000"
 preserveAspectRatio="xMidYMid meet">

<g transform="translate(0.000000,640.000000) scale(0.100000,-0.100000)"
fill="#000000" stroke="none">
<path d="M2860 6393 c-181 -19 -480 -83 -650 -140 -186 -62 -487 -196 -619
-275 -69 -41 -236 -152 -276 -182 -126 -96 -215 -171 -215 -180 0 -6 121 -132
269 -280 l270 -269 48 40 c312 258 775 455 1188 506 l100 12 3 388 2 387 -42
-2 c-24 0 -59 -3 -78 -5z"/>
<path d="M3418 6019 c-2 -245 1 -384 7 -389 6 -4 39 -10 75 -14 149 -16 462
-93 565 -140 17 -8 41 -17 55 -21 49 -14 303 -147 388 -202 48 -31 125 -86
171 -121 l83 -65 273 273 c151 151 272 277 269 282 -14 22 -227 183 -353 266
-337 222 -715 377 -1116 459 -126 25 -326 53 -382 53 l-33 0 -2 -381z"/>
<path d="M690 5198 c-321 -401 -545 -888 -644 -1398 -24 -123 -46 -290 -46
-350 l0 -30 390 0 390 0 0 28 c0 49 29 225 55 329 81 331 222 626 433 902 l64
84 -268 268 c-148 148 -274 269 -281 269 -6 0 -48 -46 -93 -102z"/>
<path d="M5336 5031 l-269 -269 55 -68 c254 -318 430 -733 487 -1149 l17 -120
387 -3 387 -2 0 32 c-1 70 -63 468 -76 490 -3 5 -14 46 -25 91 -19 78 -30 115
-86 272 -27 75 -28 79 -96 231 -76 170 -160 317 -275 484 -83 120 -212 280
-226 280 -6 0 -132 -121 -280 -269z"/>
<path d="M3015 5153 c-711 -62 -1355 -539 -1628 -1205 -100 -244 -147 -484
-147 -755 0 -368 102 -720 300 -1038 190 -305 505 -583 825 -730 123 -56 134
-61 220 -89 442 -144 933 -126 1360 50 420 172 775 495 990 899 301 566 301
1264 -2 1834 -24 46 -52 95 -62 110 -10 14 -33 49 -51 76 -228 338 -592 617
-981 751 -111 38 -311 82 -428 93 -96 10 -304 12 -396 4z m47 -1210 c-44 -76
-101 -175 -128 -219 -27 -45 -80 -136 -119 -203 -38 -66 -73 -121 -77 -121 -6
0 -25 54 -108 317 l-32 102 51 68 c50 68 202 282 388 548 l98 140 3 -247 2
-247 -78 -138z m291 510 c27 -37 117 -167 202 -288 84 -121 175 -249 200 -283
l47 -64 -20 -61 c-91 -284 -116 -357 -121 -357 -3 0 -17 21 -31 47 -14 26 -36
65 -51 87 -14 23 -70 118 -124 211 -54 94 -120 206 -147 251 l-48 81 0 249 1
249 22 -27 c12 -15 44 -57 70 -95z m-11 -763 c47 -80 106 -180 132 -223 25
-43 46 -80 46 -82 0 -3 11 -23 25 -45 l25 -40 -371 0 -371 0 16 25 c9 13 41
68 72 122 32 54 67 114 79 133 12 19 33 55 47 80 14 25 55 96 93 159 l67 113
27 -48 c15 -27 66 -114 113 -194z m-742 -287 l52 -161 -73 -124 c-40 -67 -78
-132 -83 -143 -28 -51 -140 -235 -142 -232 -2 2 8 50 21 107 25 108 43 189 95
420 17 74 37 167 46 205 20 90 27 112 30 100 1 -5 25 -83 54 -172z m1275 111
c8 -33 35 -151 60 -264 25 -113 60 -272 79 -355 18 -82 33 -151 32 -152 -2 -2
-96 154 -226 375 l-72 123 51 155 c28 86 51 163 51 171 0 29 10 7 25 -53z
m-305 -353 c0 -5 -11 -42 -23 -82 -13 -41 -41 -128 -61 -194 -21 -66 -46 -145
-56 -175 -11 -30 -36 -109 -56 -175 -21 -66 -42 -123 -47 -126 -5 -4 -66 -6
-135 -4 l-127 2 -75 224 c-42 123 -99 293 -128 376 -29 84 -52 155 -52 158 0
3 171 5 380 5 210 0 380 -4 380 -9z m213 -224 c48 -83 112 -194 142 -244 130
-219 163 -278 158 -283 -2 -3 -142 -6 -309 -7 l-305 -1 7 31 c3 18 19 70 34
117 15 47 56 173 90 280 78 246 83 260 90 260 3 0 44 -69 93 -153z m-964 -192
c61 -181 111 -333 111 -336 0 -3 -138 -6 -307 -5 -209 1 -307 5 -306 12 1 6
48 89 104 185 56 96 143 243 192 327 49 84 90 152 92 150 1 -2 53 -151 114
-333z m207 -665 c29 -107 55 -204 60 -214 10 -27 -2 -21 -121 57 -231 151
-375 243 -487 313 -27 16 -48 32 -48 37 0 4 123 6 273 5 l272 -3 51 -195z
m269 183 c-4 -10 -25 -89 -48 -175 -23 -87 -45 -158 -48 -158 -4 0 -9 12 -12
28 -8 43 -64 254 -76 285 -6 16 -11 30 -11 33 0 2 45 4 101 4 92 0 101 -2 94
-17z m675 10 c0 -5 -21 -21 -48 -37 -127 -79 -543 -347 -571 -368 -13 -10 -27
-18 -31 -18 -5 0 88 375 105 418 3 9 68 12 275 12 148 0 270 -3 270 -7z"/>
<path d="M0 2952 c0 -75 62 -468 80 -502 4 -8 11 -33 14 -54 12 -66 95 -318
131 -401 109 -248 154 -336 254 -493 110 -175 282 -402 304 -402 20 0 553 540
542 548 -29 20 -182 242 -244 352 -153 272 -248 553 -290 850 l-17 125 -387 3
-387 2 0 -28z"/>
<path d="M5611 2873 c-7 -58 -23 -154 -37 -212 -26 -113 -82 -299 -94 -316 -4
-5 -13 -28 -20 -50 -12 -39 -105 -231 -149 -308 -41 -72 -115 -182 -179 -266
l-65 -83 275 -275 275 -275 77 93 c270 328 490 760 610 1194 44 161 96 468 96
573 l0 32 -388 0 -388 0 -13 -107z"/>
<path d="M1367 1062 c-147 -147 -267 -272 -267 -278 0 -12 16 -27 115 -105
399 -314 854 -525 1350 -626 140 -28 312 -53 373 -53 l42 0 0 388 0 388 -106
12 c-157 19 -432 88 -539 136 -16 8 -41 17 -55 21 -48 14 -306 148 -390 203
-47 31 -122 84 -167 119 -45 35 -83 63 -85 63 -2 0 -123 -120 -271 -268z"/>
<path d="M4690 1274 c-229 -175 -494 -314 -755 -397 -98 -32 -302 -77 -405
-90 l-105 -13 -3 -388 -2 -388 87 7 c258 21 698 129 898 220 17 7 73 32 125
56 170 76 300 149 465 260 126 86 305 228 305 243 0 6 -121 132 -268 279
l-268 268 -74 -57z"/>
</g>
</svg>
